4.214912280701754166e-01
4.214912280701754166e-01
4.214912280701754166e-01
4.214912280701754166e-01
4.425438596491227949e-01
4.743421052631578982e-01
4.866228070175438458e-01
4.787280701754386136e-01
5.142543859649122417e-01
5.633771929824561431e-01
5.881578947368421018e-01
6.076754385964912020e-01
6.309210526315789380e-01
6.355263157894737169e-01
6.682017543859649633e-01
6.546052631578946901e-01
6.741228070175439013e-01
6.896929824561403022e-01
6.903508771929824928e-01
7.100877192982456565e-01
7.081140350877193068e-01
7.127192982456140857e-01
7.269736842105263275e-01
7.232456140350876916e-01
7.258771929824561209e-01
7.214912280701754055e-01
7.377192982456139969e-01
7.418859649122806488e-01
7.434210526315789824e-01
7.521929824561403022e-01
7.478070175438596978e-01
7.526315789473684292e-01
7.574561403508771606e-01
7.603070175438596534e-01
7.609649122807017330e-01
7.723684210526315930e-01
7.699561403508772273e-01
7.721491228070175294e-01
7.765350877192982448e-01
7.833333333333333259e-01
7.743421052631579427e-01
7.914473684210526772e-01
7.804824561403508332e-01
7.896929824561403910e-01
7.842105263157894690e-01
7.864035087719297712e-01
7.809210526315789602e-01
7.815789473684210398e-01
7.883771929824561209e-01
7.885964912280701844e-01
