2.864035087719298267e-01
2.864035087719298267e-01
2.864035087719298267e-01
2.864035087719298267e-01
2.870614035087719063e-01
3.684210526315789269e-01
4.791666666666666852e-01
5.245614035087718952e-01
5.877192982456140857e-01
6.489035087719298156e-01
6.885964912280702066e-01
7.199561403508771829e-01
7.497807017543859365e-01
7.539473684210525883e-01
7.717105263157895134e-01
7.699561403508772273e-01
7.714912280701754499e-01
7.782894736842105310e-01
7.855263157894737391e-01
7.846491228070175961e-01
7.881578947368420573e-01
7.936403508771929793e-01
7.997807017543859809e-01
7.927631578947368363e-01
7.938596491228070429e-01
8.039473684210526327e-01
8.054824561403508554e-01
8.006578947368421240e-01
8.043859649122806488e-01
8.057017543859649189e-01
8.013157894736842035e-01
8.052631578947367919e-01
8.061403508771929349e-01
8.083333333333333481e-01
8.067982456140351255e-01
8.100877192982456343e-01
8.151315789473684292e-01
8.162280701754386358e-01
8.122807017543859365e-01
8.153508771929824928e-01
8.076754385964912686e-01
8.168859649122807154e-01
8.175438596491227949e-01
8.188596491228070651e-01
8.140350877192982226e-01
8.210526315789473673e-01
8.228070175438596534e-01
8.214912280701753833e-01
8.225877192982455899e-01
8.225877192982455899e-01
