3.276315789473684403e-01
3.276315789473684403e-01
3.276315789473684403e-01
3.276315789473684403e-01
3.357456140350877360e-01
3.975877192982456010e-01
4.877192982456140524e-01
5.142543859649122417e-01
5.381578947368420573e-01
6.085526315789473450e-01
6.666666666666666297e-01
7.050438596491228616e-01
7.236842105263158187e-01
7.381578947368421240e-01
7.416666666666666963e-01
7.624999999999999556e-01
7.721491228070175294e-01
7.653508771929824483e-01
7.791666666666666741e-01
7.782894736842105310e-01
7.872807017543859143e-01
7.885964912280701844e-01
7.881578947368420573e-01
7.975877192982455677e-01
8.015350877192982670e-01
8.004385964912280604e-01
7.951754385964912020e-01
8.017543859649123306e-01
8.026315789473684736e-01
8.072368421052631415e-01
8.026315789473684736e-01
8.021929824561403466e-01
8.135964912280702066e-01
7.997807017543859809e-01
8.096491228070175072e-01
8.125000000000000000e-01
8.125000000000000000e-01
8.125000000000000000e-01
8.149122807017543657e-01
8.192982456140350811e-01
8.184210526315789380e-01
8.230263157894737169e-01
8.162280701754386358e-01
8.192982456140350811e-01
8.208333333333333037e-01
8.210526315789473673e-01
8.241228070175438125e-01
8.282894736842105754e-01
8.260964912280701622e-01
8.214912280701753833e-01
