3.649122807017544101e-01
3.649122807017544101e-01
3.649122807017544101e-01
3.649122807017544101e-01
3.649122807017544101e-01
4.004385964912280937e-01
4.657894736842105310e-01
4.890350877192982670e-01
5.074561403508771606e-01
5.682017543859648745e-01
6.135964912280701400e-01
6.651315789473684070e-01
6.875000000000000000e-01
7.192982456140351033e-01
7.403508771929824261e-01
7.416666666666666963e-01
7.502192982456140635e-01
7.565789473684210176e-01
7.614035087719298600e-01
7.664473684210526550e-01
7.739035087719298156e-01
7.793859649122807376e-01
7.747807017543859587e-01
7.817982456140351033e-01
7.809210526315789602e-01
7.874999999999999778e-01
7.927631578947368363e-01
7.916666666666666297e-01
8.004385964912280604e-01
7.973684210526316152e-01
7.991228070175439013e-01
7.894736842105263275e-01
8.100877192982456343e-01
7.975877192982455677e-01
8.041666666666666963e-01
7.975877192982455677e-01
8.048245614035087758e-01
8.048245614035087758e-01
8.070175438596490780e-01
8.109649122807017774e-01
8.021929824561403466e-01
8.061403508771929349e-01
8.074561403508772051e-01
8.131578947368420796e-01
8.182017543859648745e-01
8.171052631578947789e-01
8.057017543859649189e-01
8.155701754385964453e-01
8.171052631578947789e-01
8.129385964912280160e-01
