3.649122807017544101e-01
3.649122807017544101e-01
3.649122807017544101e-01
3.649122807017544101e-01
3.657894736842105532e-01
4.085526315789473895e-01
4.653508771929824595e-01
5.153508771929824483e-01
5.473684210526316152e-01
5.653508771929824928e-01
6.230263157894736503e-01
6.831140350877192846e-01
7.151315789473684514e-01
7.331140350877193290e-01
7.543859649122807154e-01
7.638157894736842257e-01
7.802631578947368807e-01
7.888157894736842479e-01
7.973684210526316152e-01
8.059210526315789824e-01
8.063596491228069985e-01
8.098684210526315708e-01
8.127192982456140635e-01
8.140350877192982226e-01
8.271929824561403688e-01
8.293859649122806710e-01
8.252192982456140191e-01
8.348684210526315930e-01
8.296052631578947345e-01
8.368421052631579427e-01
8.353070175438596090e-01
8.388157894736841813e-01
8.364035087719298156e-01
8.385964912280702288e-01
8.425438596491228171e-01
8.421052631578946901e-01
8.410087719298245945e-01
8.388157894736841813e-01
8.456140350877192624e-01
8.423245614035087536e-01
8.475877192982456121e-01
8.543859649122806932e-01
8.550438596491227727e-01
8.497807017543859143e-01
8.508771929824561209e-01
8.504385964912281048e-01
8.572368421052631859e-01
8.519736842105263275e-01
8.515350877192982004e-01
8.548245614035088202e-01
