4.063596491228070318e-01
4.063596491228070318e-01
4.063596491228070318e-01
4.116228070175438347e-01
4.337719298245614197e-01
4.697368421052631748e-01
5.032894736842105088e-01
5.188596491228070207e-01
5.537280701754385692e-01
5.844298245614034659e-01
6.427631578947368141e-01
6.767543859649123306e-01
6.964912280701753833e-01
7.186403508771930237e-01
7.293859649122806932e-01
7.449561403508772051e-01
7.567982456140350811e-01
7.620614035087719396e-01
7.714912280701754499e-01
7.758771929824561653e-01
7.760964912280702288e-01
7.855263157894737391e-01
7.831140350877192624e-01
7.866228070175438347e-01
7.947368421052631859e-01
7.883771929824561209e-01
7.947368421052631859e-01
7.975877192982455677e-01
8.013157894736842035e-01
8.015350877192982670e-01
8.067982456140351255e-01
7.956140350877193290e-01
8.032894736842105532e-01
8.041666666666666963e-01
8.096491228070175072e-01
8.024122807017544101e-01
8.035087719298246167e-01
8.085526315789474117e-01
8.133771929824561431e-01
8.140350877192982226e-01
8.083333333333333481e-01
8.074561403508772051e-01
8.002192982456139969e-01
8.135964912280702066e-01
8.135964912280702066e-01
8.043859649122806488e-01
8.120614035087719840e-01
8.133771929824561431e-01
8.061403508771929349e-01
8.085526315789474117e-01
