3.434210526315789602e-01
3.434210526315789602e-01
3.434210526315789602e-01
3.434210526315789602e-01
3.436403508771929682e-01
5.633771929824561431e-01
5.741228070175438125e-01
6.050438596491227727e-01
6.410087719298245279e-01
6.986842105263157965e-01
7.298245614035088202e-01
7.712719298245613864e-01
7.804824561403508332e-01
7.978070175438596312e-01
8.131578947368420796e-01
8.179824561403509220e-01
8.241228070175438125e-01
8.234649122807017330e-01
8.313596491228070207e-01
8.353070175438596090e-01
8.361842105263157521e-01
8.403508771929824039e-01
8.405701754385964675e-01
8.432017543859648967e-01
8.453947368421053099e-01
8.495614035087719618e-01
8.423245614035087536e-01
8.438596491228069763e-01
8.499999999999999778e-01
8.471491228070175961e-01
8.589912280701754721e-01
8.497807017543859143e-01
8.616228070175439013e-01
8.510964912280701844e-01
8.557017543859649633e-01
8.609649122807017108e-01
8.570175438596491224e-01
8.605263157894736947e-01
8.662280701754385692e-01
8.631578947368421240e-01
8.664473684210526327e-01
8.682017543859649189e-01
8.695175438596490780e-01
8.649122807017544101e-01
8.703947368421052211e-01
8.706140350877192846e-01
8.730263157894736503e-01
8.752192982456140635e-01
8.758771929824561431e-01
8.741228070175438569e-01
