3.074561403508772051e-01
3.074561403508772051e-01
3.074561403508772051e-01
3.074561403508772051e-01
3.350877192982456010e-01
4.747807017543859698e-01
5.478070175438596312e-01
5.752192982456140191e-01
6.072368421052631859e-01
6.510964912280702288e-01
6.813596491228069985e-01
6.938596491228070651e-01
7.276315789473684070e-01
7.513157894736841591e-01
7.506578947368420796e-01
7.596491228070175739e-01
7.690789473684210842e-01
7.714912280701754499e-01
7.747807017543859587e-01
7.844298245614035325e-01
7.844298245614035325e-01
7.874999999999999778e-01
7.848684210526315486e-01
7.942982456140350589e-01
7.857456140350876916e-01
7.989035087719298378e-01
7.986842105263157743e-01
7.993421052631578538e-01
7.989035087719298378e-01
8.052631578947367919e-01
7.969298245614034881e-01
8.072368421052631415e-01
8.032894736842105532e-01
8.021929824561403466e-01
8.087719298245613642e-01
8.074561403508772051e-01
8.061403508771929349e-01
8.072368421052631415e-01
8.089912280701754277e-01
8.131578947368420796e-01
8.087719298245613642e-01
8.171052631578947789e-01
8.155701754385964453e-01
8.168859649122807154e-01
8.188596491228070651e-01
8.151315789473684292e-01
8.168859649122807154e-01
8.214912280701753833e-01
8.179824561403509220e-01
8.214912280701753833e-01
