8.794736842105262964e-01
8.361403508771929616e-01
8.589473684210526816e-01
8.142543859649122862e-01
8.065789473684210620e-01
7.929824561403508998e-01
8.212719298245614308e-01
8.135964912280702066e-01
8.482456140350876916e-01
7.662280701754385914e-01
8.467105263157894690e-01
8.157894736842105088e-01
7.787280701754385470e-01
8.236842105263157965e-01
8.855263157894737169e-01
8.929824561403508776e-01
8.741228070175438569e-01
8.357456140350877360e-01
7.921052631578947567e-01
8.258771929824560987e-01
