3.992982456140350966e-01
3.992982456140350966e-01
3.992982456140350966e-01
3.992982456140350966e-01
3.992982456140350966e-01
4.010526315789473828e-01
4.507017543859649367e-01
5.057894736842105665e-01
5.468421052631579071e-01
5.764912280701753877e-01
6.077192982456139925e-01
6.442105263157894557e-01
6.756140350877193335e-01
7.042105263157895090e-01
7.171929824561403821e-01
7.456140350877192846e-01
7.477192982456140058e-01
7.585964912280701578e-01
7.724561403508771740e-01
7.759649122807017463e-01
7.761403508771930193e-01
7.917543859649123217e-01
7.873684210526316063e-01
7.966666666666666341e-01
8.001754385964912064e-01
8.080701754385964941e-01
8.054385964912280649e-01
8.040350877192982137e-01
8.170175438596490869e-01
8.201754385964912242e-01
8.222807017543859454e-01
8.233333333333333615e-01
8.256140350877192446e-01
8.175438596491227949e-01
8.289473684210526550e-01
8.236842105263157965e-01
8.324561403508772273e-01
8.280701754385965119e-01
8.349122807017543835e-01
8.314035087719298112e-01
8.340350877192982404e-01
8.338596491228069674e-01
8.328070175438596623e-01
8.368421052631579427e-01
8.375438596491228127e-01
8.403508771929824039e-01
8.356140350877192535e-01
8.359649122807017996e-01
8.310526315789473761e-01
8.377192982456140857e-01
