4.013157894736842368e-01
4.013157894736842368e-01
4.013157894736842368e-01
4.013157894736842368e-01
4.050438596491228171e-01
4.910087719298245612e-01
5.603070175438596978e-01
5.901315789473684514e-01
6.337719298245614308e-01
6.682017543859649633e-01
7.168859649122807376e-01
7.666666666666667185e-01
7.874999999999999778e-01
8.054824561403508554e-01
8.276315789473683848e-01
8.372807017543859587e-01
8.458333333333333259e-01
8.453947368421053099e-01
8.508771929824561209e-01
8.607456140350877583e-01
8.646929824561403466e-01
8.638157894736842035e-01
8.657894736842105532e-01
8.668859649122806488e-01
8.725877192982456343e-01
8.706140350877192846e-01
8.752192982456140635e-01
8.695175438596490780e-01
8.745614035087719840e-01
8.728070175438596978e-01
8.719298245614035547e-01
8.758771929824561431e-01
8.815789473684210176e-01
8.758771929824561431e-01
8.782894736842105088e-01
8.828947368421052877e-01
8.837719298245614308e-01
8.800438596491227949e-01
8.822368421052632081e-01
8.796052631578947789e-01
8.817982456140350811e-01
8.874999999999999556e-01
8.853070175438596534e-01
8.807017543859648745e-01
8.861842105263157965e-01
8.813596491228070651e-01
8.859649122807017330e-01
8.831140350877193512e-01
8.864035087719298600e-01
8.842105263157894468e-01
