3.421052631578947456e-01
3.421052631578947456e-01
3.421052631578947456e-01
3.421052631578947456e-01
3.421052631578947456e-01
3.489035087719298267e-01
4.210526315789473450e-01
4.662280701754386025e-01
5.013157894736841591e-01
5.388157894736842479e-01
5.864035087719298156e-01
6.414473684210526550e-01
6.747807017543859809e-01
7.039473684210526550e-01
7.307017543859649633e-01
7.370614035087719174e-01
7.500000000000000000e-01
7.697368421052631637e-01
7.837719298245614530e-01
7.813596491228069763e-01
7.892543859649122640e-01
8.008771929824561875e-01
8.024122807017544101e-01
8.085526315789474117e-01
8.122807017543859365e-01
8.089912280701754277e-01
8.166666666666666519e-01
8.212719298245614308e-01
8.203947368421052877e-01
8.179824561403509220e-01
8.219298245614035103e-01
8.245614035087719396e-01
8.298245614035087980e-01
8.247807017543860031e-01
8.361842105263157521e-01
8.346491228070175294e-01
8.313596491228070207e-01
8.331140350877193068e-01
8.276315789473683848e-01
8.348684210526315930e-01
8.271929824561403688e-01
8.324561403508772273e-01
8.293859649122806710e-01
8.208333333333333037e-01
8.322368421052631637e-01
8.339912280701754499e-01
8.320175438596491002e-01
8.267543859649122417e-01
8.355263157894736725e-01
8.296052631578947345e-01
