3.190789473684210731e-01
3.190789473684210731e-01
3.190789473684210731e-01
3.190789473684210731e-01
3.243421052631578760e-01
4.046052631578947456e-01
4.627192982456140302e-01
4.842105263157894801e-01
4.925438596491227838e-01
5.265350877192982448e-01
5.541666666666666963e-01
6.002192982456140413e-01
6.179824561403508554e-01
6.359649122807017330e-01
6.416666666666667185e-01
6.611842105263158187e-01
6.675438596491227727e-01
6.714912280701754721e-01
6.811403508771929349e-01
6.835526315789474117e-01
7.085526315789473228e-01
6.991228070175438125e-01
7.072368421052631637e-01
7.131578947368421018e-01
7.184210526315789602e-01
7.162280701754385470e-01
7.234649122807017552e-01
7.179824561403508332e-01
7.190789473684210398e-01
7.282894736842104866e-01
7.353070175438596312e-01
7.333333333333332815e-01
7.425438596491228394e-01
7.401315789473684736e-01
7.412280701754385692e-01
7.475877192982456343e-01
7.495614035087719840e-01
7.500000000000000000e-01
7.592105263157894468e-01
7.546052631578947789e-01
7.521929824561403022e-01
7.506578947368420796e-01
7.554824561403509220e-01
7.570175438596491446e-01
7.622807017543860031e-01
7.585526315789473673e-01
7.699561403508772273e-01
7.543859649122807154e-01
7.633771929824560987e-01
7.653508771929824483e-01
