4.017543859649123084e-01
4.017543859649123084e-01
4.017543859649123084e-01
4.021929824561403244e-01
4.241228070175438458e-01
4.335526315789473562e-01
4.629385964912280937e-01
4.809210526315789713e-01
5.203947368421052433e-01
5.381578947368420573e-01
5.649122807017543657e-01
6.083333333333332815e-01
6.118421052631578538e-01
6.541666666666666741e-01
6.732456140350877583e-01
6.962719298245614308e-01
7.078947368421052433e-01
7.118421052631579427e-01
7.317982456140350589e-01
7.379385964912280604e-01
7.372807017543859809e-01
7.396929824561403466e-01
7.440789473684210620e-01
7.607456140350876694e-01
7.668859649122806710e-01
7.631578947368421462e-01
7.758771929824561653e-01
7.719298245614034659e-01
7.776315789473684514e-01
7.813596491228069763e-01
7.710526315789473228e-01
7.763157894736841813e-01
7.817982456140351033e-01
7.842105263157894690e-01
7.881578947368420573e-01
7.921052631578947567e-01
7.890350877192982004e-01
7.921052631578947567e-01
7.881578947368420573e-01
7.800438596491228171e-01
7.888157894736842479e-01
7.894736842105263275e-01
7.969298245614034881e-01
7.844298245614035325e-01
7.885964912280701844e-01
7.953947368421052655e-01
7.938596491228070429e-01
7.945175438596491224e-01
7.997807017543859809e-01
7.993421052631578538e-01
