3.971491228070175294e-01
3.971491228070175294e-01
3.971491228070175294e-01
3.971491228070175294e-01
4.006578947368421018e-01
4.506578947368420907e-01
4.969298245614034992e-01
5.315789473684210398e-01
5.763157894736842257e-01
6.405701754385965119e-01
7.021929824561403688e-01
7.236842105263158187e-01
7.517543859649122862e-01
7.627192982456140191e-01
7.708333333333333703e-01
7.767543859649123084e-01
7.824561403508771829e-01
7.879385964912281048e-01
7.982456140350877583e-01
7.916666666666666297e-01
8.050438596491228394e-01
8.059210526315789824e-01
8.164473684210525883e-01
8.109649122807017774e-01
8.210526315789473673e-01
8.197368421052632081e-01
8.177631578947368585e-01
8.219298245614035103e-01
8.203947368421052877e-01
8.236842105263157965e-01
8.256578947368421462e-01
8.258771929824560987e-01
8.254385964912280826e-01
8.210526315789473673e-01
8.315789473684210842e-01
8.339912280701754499e-01
8.342105263157895134e-01
8.328947368421052433e-01
8.322368421052631637e-01
8.392543859649123084e-01
8.271929824561403688e-01
8.355263157894736725e-01
8.333333333333333703e-01
8.333333333333333703e-01
8.375000000000000222e-01
8.359649122807017996e-01
8.350877192982456565e-01
8.379385964912280382e-01
8.377192982456140857e-01
8.370614035087718952e-01
