3.978947368421052455e-01
3.978947368421052455e-01
3.978947368421052455e-01
3.994736842105263142e-01
4.647368421052631704e-01
5.168421052631578805e-01
5.531578947368420707e-01
5.856140350877192535e-01
6.250877192982455810e-01
6.270175438596491402e-01
6.473684210526315930e-01
7.289473684210526772e-01
7.457894736842105576e-01
7.615789473684210220e-01
7.726315789473684470e-01
7.840350877192981960e-01
7.924561403508771917e-01
8.040350877192982137e-01
8.143859649122806577e-01
8.110526315789473584e-01
8.205263157894736592e-01
8.270175438596490958e-01
8.264912280701753877e-01
8.312280701754386492e-01
8.415789473684210931e-01
8.387719298245613908e-01
8.480701754385965296e-01
8.466666666666666785e-01
8.528070175438596801e-01
8.521052631578946990e-01
8.454385964912281004e-01
8.538596491228069851e-01
8.514035087719298289e-01
8.508771929824561209e-01
8.587719298245614086e-01
8.587719298245614086e-01
8.543859649122806932e-01
8.568421052631578494e-01
8.570175438596491224e-01
8.587719298245614086e-01
8.594736842105262786e-01
8.589473684210526816e-01
8.608771929824561298e-01
8.635087719298245590e-01
8.549122807017544012e-01
8.554385964912281093e-01
8.633333333333332860e-01
8.624561403508771429e-01
8.536842105263158231e-01
8.589473684210526816e-01
