4.179824561403508998e-01
4.179824561403508998e-01
4.179824561403508998e-01
4.179824561403508998e-01
4.179824561403508998e-01
4.322368421052631415e-01
5.236842105263157521e-01
5.250000000000000222e-01
5.469298245614034881e-01
5.901315789473684514e-01
6.543859649122807376e-01
6.885964912280702066e-01
7.131578947368421018e-01
7.282894736842104866e-01
7.412280701754385692e-01
7.456140350877192846e-01
7.500000000000000000e-01
7.550438596491227949e-01
7.712719298245613864e-01
7.771929824561403244e-01
7.754385964912280382e-01
7.824561403508771829e-01
7.802631578947368807e-01
7.859649122807017552e-01
7.844298245614035325e-01
7.982456140350877583e-01
7.903508771929824706e-01
7.962719298245614086e-01
8.002192982456139969e-01
8.048245614035087758e-01
8.050438596491228394e-01
8.057017543859649189e-01
8.067982456140351255e-01
8.114035087719297934e-01
8.092105263157894912e-01
8.127192982456140635e-01
8.184210526315789380e-01
8.153508771929824928e-01
8.179824561403509220e-01
8.296052631578947345e-01
8.203947368421052877e-01
8.232456140350876694e-01
8.208333333333333037e-01
8.232456140350876694e-01
8.274122807017544323e-01
8.265350877192982892e-01
8.298245614035087980e-01
8.355263157894736725e-01
8.221491228070175739e-01
8.307017543859649411e-01
