3.453947368421052544e-01
3.453947368421052544e-01
3.453947368421052544e-01
3.453947368421052544e-01
3.585526315789473450e-01
4.982456140350877138e-01
5.754385964912280826e-01
6.059210526315789158e-01
6.401315789473683848e-01
7.008771929824560987e-01
7.453947368421052211e-01
7.750000000000000222e-01
8.008771929824561875e-01
8.282894736842105754e-01
8.324561403508772273e-01
8.493421052631578982e-01
8.528508771929824706e-01
8.581140350877193290e-01
8.607456140350877583e-01
8.668859649122806488e-01
8.642543859649123306e-01
8.686403508771929349e-01
8.682017543859649189e-01
8.728070175438596978e-01
8.787280701754386358e-01
8.804824561403509220e-01
8.817982456140350811e-01
8.807017543859648745e-01
8.835526315789473673e-01
8.833333333333333037e-01
8.888157894736842257e-01
8.881578947368421462e-01
8.877192982456140191e-01
8.868421052631578760e-01
8.864035087719298600e-01
8.921052631578947345e-01
8.892543859649122417e-01
8.940789473684210842e-01
8.848684210526315264e-01
8.918859649122806710e-01
8.918859649122806710e-01
8.956140350877193068e-01
8.912280701754385914e-01
8.927631578947368141e-01
8.973684210526315930e-01
8.888157894736842257e-01
8.964912280701754499e-01
8.971491228070175294e-01
8.940789473684210842e-01
8.962719298245613864e-01
