3.315789473684210287e-01
3.315789473684210287e-01
3.315789473684210287e-01
3.315789473684210287e-01
3.361842105263158076e-01
4.103070175438596756e-01
4.839912280701754166e-01
5.164473684210526550e-01
5.524122807017544101e-01
5.960526315789473895e-01
6.513157894736841813e-01
7.035087719298245279e-01
7.232456140350876916e-01
7.405701754385964897e-01
7.458333333333333481e-01
7.618421052631578760e-01
7.589912280701753833e-01
7.743421052631579427e-01
7.776315789473684514e-01
7.706140350877193068e-01
7.839912280701754055e-01
7.879385964912281048e-01
7.885964912280701844e-01
7.855263157894737391e-01
7.914473684210526772e-01
7.883771929824561209e-01
7.907894736842104866e-01
7.881578947368420573e-01
7.912280701754386136e-01
7.820175438596491668e-01
7.916666666666666297e-01
7.907894736842104866e-01
7.835526315789473895e-01
7.866228070175438347e-01
7.885964912280701844e-01
7.916666666666666297e-01
7.870614035087719618e-01
7.857456140350876916e-01
7.734649122807017996e-01
7.883771929824561209e-01
7.769736842105262609e-01
7.881578947368420573e-01
7.855263157894737391e-01
7.872807017543859143e-01
7.899122807017543435e-01
7.874999999999999778e-01
7.817982456140351033e-01
7.848684210526315486e-01
7.861842105263158187e-01
7.760964912280702288e-01
