0.000000000000000000e+00
0.000000000000000000e+00
0.000000000000000000e+00
0.000000000000000000e+00
0.000000000000000000e+00
7.857204624050177777e-02
2.394335820019219130e-01
2.810737286471494678e-01
3.169430504429569528e-01
4.043625574681494195e-01
4.691427039727546489e-01
5.422812616412079345e-01
5.753124375026960058e-01
6.188483313741802716e-01
6.480084722474761527e-01
6.499723323526935825e-01
6.629535471565485283e-01
6.712682572729851138e-01
6.782763380899836658e-01
6.853528526349398353e-01
6.940656601562064099e-01
7.030960439018338892e-01
6.962335678927822347e-01
7.054167555614826446e-01
7.045643607769666028e-01
7.131848545370431669e-01
7.201848525408847124e-01
7.190097311366795418e-01
7.308619713530405404e-01
7.267452236966077672e-01
7.287902109535003836e-01
7.167417798756992031e-01
7.434552157531657546e-01
7.270011003940076710e-01
7.363037006769065362e-01
7.272283981933435060e-01
7.368886643709040563e-01
7.371890849544830981e-01
7.399748774571346388e-01
7.455948727534251752e-01
7.339894863915630285e-01
7.391841935931565688e-01
7.414003245284862542e-01
7.488951241980645879e-01
7.556333126669126932e-01
7.540151924259468341e-01
7.384922031690124289e-01
7.519560105727993715e-01
7.540730296480824268e-01
7.482278866186611310e-01
