0.000000000000000000e+00
0.000000000000000000e+00
0.000000000000000000e+00
0.000000000000000000e+00
9.189123070561824825e-04
1.142890093414831165e-01
2.687311675486795393e-01
3.345825794779012097e-01
4.330244226475951086e-01
5.232333427895684563e-01
5.811858045582911636e-01
6.252462589110779900e-01
6.664087934882084729e-01
6.727317526421291438e-01
6.967792859733975552e-01
6.950490997189521236e-01
6.970158981334944048e-01
7.063686430937913263e-01
7.161930122724147196e-01
7.153716002014427477e-01
7.199202060999071451e-01
7.271790560065737319e-01
7.348862870478342080e-01
7.264010422817436252e-01
7.273677343300846143e-01
7.405453953910378084e-01
7.430058276588967781e-01
7.363260955067919555e-01
7.414940850260699490e-01
7.432267291914479435e-01
7.374938239223125525e-01
7.425304662871123895e-01
7.438465641529310446e-01
7.465262990794292453e-01
7.445835033785134227e-01
7.490140805861728035e-01
7.556677824738504690e-01
7.569792437577784749e-01
7.519156440989618329e-01
7.558980093219200835e-01
7.458075877749513749e-01
7.580347972092532638e-01
7.590163850082164432e-01
7.606590492663409808e-01
7.543057865165541109e-01
7.631652210530495140e-01
7.658206057248639897e-01
7.638479079343778455e-01
7.654762836410577975e-01
7.656251489048796488e-01
