0.000000000000000000e+00
0.000000000000000000e+00
0.000000000000000000e+00
0.000000000000000000e+00
3.980532089550165020e-02
2.409047865564273860e-01
3.462721035160942762e-01
3.902385649020602143e-01
4.477242435164592305e-01
5.197279374508224636e-01
5.672200586534629219e-01
5.865520295760888736e-01
6.334631465273707907e-01
6.656076904333627642e-01
6.659440531415390385e-01
6.786954434280099147e-01
6.917853722963469565e-01
6.951746898608784919e-01
6.997174222911300978e-01
7.126504128749600042e-01
7.130961242681759238e-01
7.171807581734954695e-01
7.139536418386728256e-01
7.264933305061530566e-01
7.150286940145611503e-01
7.326971878587379416e-01
7.322480867873160104e-01
7.328011385730027749e-01
7.325067683812038766e-01
7.406465645892070793e-01
7.300317781168307318e-01
7.437541578321058555e-01
7.387309218231654651e-01
7.371439468439149323e-01
7.455649251850872128e-01
7.441364278513780128e-01
7.425918792917954869e-01
7.437023483081147690e-01
7.459750408594287840e-01
7.516972899347261761e-01
7.458207628292014002e-01
7.562914029508488456e-01
7.544457311721941561e-01
7.567092802413124542e-01
7.590291457170696976e-01
7.544615653477618755e-01
7.568115565478278350e-01
7.621968423607182741e-01
7.582401971280102737e-01
7.623226788003436560e-01
