0.000000000000000000e+00
0.000000000000000000e+00
0.000000000000000000e+00
1.536886606475657523e-02
1.600796124954522726e-01
2.493433163276039255e-01
2.976119459013489843e-01
3.243767886003912637e-01
3.692844461490810692e-01
4.182370681927383704e-01
5.094170976354575053e-01
5.588380366853913372e-01
5.868035406999859704e-01
6.154091402055900106e-01
6.310697753095185769e-01
6.509423499495002874e-01
6.677702799116724819e-01
6.749461150719396896e-01
6.889686619981068016e-01
6.944492251770975066e-01
6.948122887387140345e-01
7.069979815574187754e-01
7.051993694311099459e-01
7.094335470891487416e-01
7.203002321591429613e-01
7.125159065515981327e-01
7.204294665990255142e-01
7.243699473341019823e-01
7.289822250529409686e-01
7.297421725394654946e-01
7.363159970566128809e-01
7.219275689469036861e-01
7.323038199023411687e-01
7.334308115982027809e-01
7.403587503072435183e-01
7.314735465601143183e-01
7.327061306135010943e-01
7.396301184237945581e-01
7.458885894052010856e-01
7.464272809957511745e-01
7.393626069075737162e-01
7.382212885602780217e-01
7.292498253943714426e-01
7.468151852099831345e-01
7.460280184301359974e-01
7.342971359299119705e-01
7.450364769061148529e-01
7.460840756575962684e-01
7.370426284830170482e-01
7.401995805085469504e-01
