0.000000000000000000e+00
0.000000000000000000e+00
0.000000000000000000e+00
0.000000000000000000e+00
7.251370685922357145e-03
1.857213023338261382e-01
3.264980313835358361e-01
3.781767368885547986e-01
4.540560242098825028e-01
5.152507490157509640e-01
5.894744923992293328e-01
6.669516525117595851e-01
6.986422039772649528e-01
7.257903394909922534e-01
7.584856106571015166e-01
7.718805293446135973e-01
7.845024447229894671e-01
7.838826819360530385e-01
7.926046793569219151e-01
8.065826427359779061e-01
8.117980983548788165e-01
8.113501426252506254e-01
8.138707359633216010e-01
8.156087199877529725e-01
8.228293458523158188e-01
8.204703205155964296e-01
8.269417627256474557e-01
8.192343523487041201e-01
8.258522877117409067e-01
8.233538169347640601e-01
8.221768274311795910e-01
8.273928975055712121e-01
8.356033674871610195e-01
8.278130355491201131e-01
8.311920623183303158e-01
8.373065299075128642e-01
8.383736786105272509e-01
8.337963871143825312e-01
8.362876791155072764e-01
8.326967168875911707e-01
8.356008691113118170e-01
8.438646033631101995e-01
8.404991390867332379e-01
8.343585983034415010e-01
8.415988752411768248e-01
8.351081055338603898e-01
8.418537578106882746e-01
8.375502984975168319e-01
8.418191282413007848e-01
8.388557667151302910e-01
