0.000000000000000000e+00
0.000000000000000000e+00
0.000000000000000000e+00
0.000000000000000000e+00
0.000000000000000000e+00
3.559061443350876493e-03
1.212629289325265480e-01
2.664209296250377168e-01
3.409666038001211152e-01
3.947453188962157800e-01
4.474580281701375783e-01
5.038863012259410246e-01
5.505323091499106924e-01
5.912131282766074358e-01
6.106513162277095175e-01
6.494779384213530404e-01
6.525321413916009838e-01
6.691341411069149370e-01
6.872371220586227514e-01
6.918097191229763965e-01
6.927318094776681034e-01
7.135603208713721113e-01
7.077154713092256300e-01
7.202190730015914921e-01
7.254911660822207509e-01
7.356823040154520932e-01
7.319941449371831776e-01
7.304047155822466220e-01
7.479143817154033647e-01
7.521755739664608420e-01
7.546012739262801805e-01
7.563454129675486470e-01
7.596437137400664508e-01
7.491861454285408950e-01
7.638695666047367050e-01
7.569801445332856593e-01
7.693445104459585293e-01
7.633992438263552671e-01
7.727539160516012640e-01
7.690059517750110762e-01
7.721673534349312584e-01
7.717243529377733058e-01
7.710076002830820174e-01
7.762405070531093187e-01
7.775806785192541648e-01
7.812903531842450011e-01
7.749005303865950101e-01
7.755138634879144011e-01
7.686506475577579156e-01
7.776507665914172973e-01
