0.000000000000000000e+00
0.000000000000000000e+00
0.000000000000000000e+00
0.000000000000000000e+00
0.000000000000000000e+00
1.267894257064722252e-02
1.655645664379288562e-01
2.500024326349328807e-01
3.055044125288143841e-01
3.615024674525176285e-01
4.327669154662984741e-01
5.098971767484745676e-01
5.569548435248324880e-01
5.969104851859365901e-01
6.335605475022977329e-01
6.429101855868544213e-01
6.610594734216223012e-01
6.884398698058670218e-01
7.072954278777121573e-01
7.049905390778909986e-01
7.152701008265701654e-01
7.314304380393633620e-01
7.332389711491951179e-01
7.418409957183612624e-01
7.468081175833232166e-01
7.423213011562376229e-01
7.524025749571041644e-01
7.588040043052356465e-01
7.576973698125534229e-01
7.543298647334315543e-01
7.596579940109227103e-01
7.630647265859172856e-01
7.702678611193597424e-01
7.637654060753782392e-01
7.789818365571744563e-01
7.768007958268425828e-01
7.726301014185525950e-01
7.748865986764721381e-01
7.678317829800829220e-01
7.773211087614735337e-01
7.671579189103969743e-01
7.743058029912721629e-01
7.703290404468394748e-01
7.589427832690172071e-01
7.741721977776120367e-01
7.768572891721173823e-01
7.744142679798020623e-01
7.671312750247903933e-01
7.788317973136987815e-01
7.707633612678123081e-01
