0.000000000000000000e+00
0.000000000000000000e+00
0.000000000000000000e+00
0.000000000000000000e+00
1.328202755732827908e-02
1.224948027744315604e-01
2.746330625891288402e-01
3.163930971161187933e-01
3.578455982477458108e-01
4.602774164531043821e-01
5.445009291098026338e-01
5.977900091620619305e-01
6.253900231275499877e-01
6.447640699040924073e-01
6.497641276465427884e-01
6.788474697162049099e-01
6.924782295079117134e-01
6.832932927916899324e-01
7.027824628759637982e-01
7.011833893805687890e-01
7.138527190266851230e-01
7.158310798637463890e-01
7.156302645998877665e-01
7.275933829905468775e-01
7.333611421354138127e-01
7.322010433420503839e-01
7.251013481590030674e-01
7.340479512916729954e-01
7.351854350440650832e-01
7.416151131152647347e-01
7.350961231859831635e-01
7.346160859124547526e-01
7.499251097964902968e-01
7.310729737989158927e-01
7.445951970542444842e-01
7.482226474335668120e-01
7.484471508678340879e-01
7.487061311308230716e-01
7.515052320821837828e-01
7.577359546023135772e-01
7.561850996064406472e-01
7.623499349289644123e-01
7.535718023737789650e-01
7.578384108377725914e-01
7.596807870997364098e-01
7.595716827836999085e-01
7.638487935406854668e-01
7.695918671829868885e-01
7.668023237479557608e-01
7.610655340135491498e-01
