0.000000000000000000e+00
0.000000000000000000e+00
0.000000000000000000e+00
0.000000000000000000e+00
3.531117672353922712e-04
3.551947357408914985e-01
3.750197169524291385e-01
4.234208428419931614e-01
4.853443816423831381e-01
5.760916227311246862e-01
6.240814773848465391e-01
6.850486305607086379e-01
6.993946482479571625e-01
7.250765267488549215e-01
7.466554663801646674e-01
7.531075841138743510e-01
7.622781083262529789e-01
7.615085848918144995e-01
7.715347211010615824e-01
7.777474913067009554e-01
7.787568458938081140e-01
7.837976823352256206e-01
7.845432433354616597e-01
7.880092177368481776e-01
7.910577962290963328e-01
7.967054713195856896e-01
7.867146705677643403e-01
7.890400801236004957e-01
7.971922376405727872e-01
7.931650603105883102e-01
8.090419802457625709e-01
7.969245736283973036e-01
8.126653987842940019e-01
7.986207370221904966e-01
8.047755961687484971e-01
8.118450095524269994e-01
8.064370463368274455e-01
8.109628707237271916e-01
8.189747355346228552e-01
8.148759711165293185e-01
8.193966386797270074e-01
8.216596669374414130e-01
8.234661228288517876e-01
8.175445050949262660e-01
8.246577994897368313e-01
8.249094089716355604e-01
8.280072206949479208e-01
8.314404621627805581e-01
8.323660620774784302e-01
8.296634815122559958e-01
