0.000000000000000000e+00
0.000000000000000000e+00
0.000000000000000000e+00
0.000000000000000000e+00
0.000000000000000000e+00
3.744602580325339519e-02
2.800256460768698608e-01
3.018687403305920225e-01
3.484065252304206495e-01
4.226580420974108687e-01
5.204651859230332578e-01
5.728838217874369088e-01
6.094344759882430740e-01
6.331974892079100803e-01
6.508579441886612749e-01
6.573197501626719674e-01
6.644065236211094128e-01
6.707801694032492490e-01
6.924046040228609700e-01
6.994408110614002139e-01
6.981761967811769276e-01
7.070349765078516313e-01
7.046316726342127801e-01
7.115797375848432749e-01
7.103433569303045925e-01
7.277071948856308481e-01
7.180547630969531525e-01
7.247649914666388637e-01
7.304167023587954111e-01
7.365001790687231153e-01
7.370416891645222845e-01
7.375797654471711873e-01
7.389051454669105512e-01
7.452887247393131798e-01
7.425286783411402247e-01
7.470658130046926582e-01
7.541046063575337355e-01
7.503117266580886513e-01
7.533137868445493046e-01
7.685929556673604113e-01
7.571890351472031488e-01
7.604898119413360247e-01
7.579564998417352983e-01
7.601635974311893307e-01
7.662887138533293063e-01
7.653891649569871669e-01
7.693853168749081872e-01
7.764720492022927356e-01
7.599426068248130717e-01
7.705567065783495151e-01
