0.000000000000000000e+00
0.000000000000000000e+00
0.000000000000000000e+00
1.049212704731428050e-03
5.583719843238772740e-02
1.505186687876149398e-01
2.312496179460449552e-01
2.649751626963413598e-01
3.307472460747656884e-01
3.660080144198556429e-01
4.055416649911254834e-01
4.667483814193223446e-01
4.758656428409313577e-01
5.290775515977600429e-01
5.577022075050015459e-01
5.886123875508934011e-01
6.042234617389036222e-01
6.097730240714994698e-01
6.367227820559470119e-01
6.442136433999809952e-01
6.439486164137623314e-01
6.468220364695828062e-01
6.535083007287920687e-01
6.748339875268581922e-01
6.829462125478543699e-01
6.789427013639066644e-01
6.955628854972394359e-01
6.900119853665576120e-01
6.977514320861423203e-01
7.019764336720375475e-01
6.887874606052009074e-01
6.957363645087772941e-01
7.039435370760607213e-01
7.068720482092210045e-01
7.122250270465199096e-01
7.168607705569992605e-01
7.132668216314282938e-01
7.178130695668516470e-01
7.125044470842496480e-01
7.021861935345660166e-01
7.138167451692466470e-01
7.147204966636908630e-01
7.248593072013442828e-01
7.085482955022024409e-01
7.143896523165200740e-01
7.224841713476687355e-01
7.217482524064811056e-01
7.218369081445018542e-01
7.290894973962327441e-01
7.290841630525831674e-01
