0.000000000000000000e+00
0.000000000000000000e+00
0.000000000000000000e+00
0.000000000000000000e+00
8.660258674547265806e-03
1.512912295980568256e-01
2.531284272142833580e-01
2.863042485882624222e-01
3.055826290887634356e-01
3.568565864607918803e-01
3.976052833324388303e-01
4.603560805433259961e-01
4.848602404416150757e-01
5.109671255635319653e-01
5.188631619567254383e-01
5.465218959339456228e-01
5.556052401728758250e-01
5.613560968110715699e-01
5.744659002281241600e-01
5.783251509327680395e-01
6.115297755442549166e-01
5.995748388412763807e-01
6.102373956205681127e-01
6.184218329593669239e-01
6.256898638914077937e-01
6.226703701496338894e-01
6.321101453329224240e-01
6.252739678014066493e-01
6.271607831783474474e-01
6.389840301181468618e-01
6.487967508632966895e-01
6.454818882135271441e-01
6.578650475782856777e-01
6.543266960723962411e-01
6.556539455262818672e-01
6.643694284427303920e-01
6.669927769523948946e-01
6.677616862449349266e-01
6.796315245528299354e-01
6.735741242126891404e-01
6.711582253010330845e-01
6.689469588629854968e-01
6.751502184257628381e-01
6.774155652250751780e-01
6.845325043129923959e-01
6.800829703391614300e-01
6.943754018021951468e-01
6.746260703567606987e-01
6.865234199544104632e-01
6.892760103019344164e-01
