8.338087616255139833e-01
7.756126365515204624e-01
8.030151220323641370e-01
7.531910292691698094e-01
7.374217488842813584e-01
7.144916272393389001e-01
7.597739687907835160e-01
7.489315990181126814e-01
7.935381751415913065e-01
6.899482118041724288e-01
7.893833742746722004e-01
7.533331324142056307e-01
7.077144792325349432e-01
7.669491444618574683e-01
8.408908805900203731e-01
8.534319191962835838e-01
8.300046937315788131e-01
7.773009799972275813e-01
7.190380500504418571e-01
7.640204895683232467e-01
