0.000000000000000000e+00
0.000000000000000000e+00
0.000000000000000000e+00
0.000000000000000000e+00
8.341640599039766568e-03
1.585578004228867799e-01
2.641483791292045247e-01
3.217118152657459929e-01
3.990519942071087400e-01
4.943924664623627896e-01
5.852060800645614291e-01
6.167033445595170305e-01
6.539189956764011047e-01
6.703480843933278255e-01
6.824344294605845240e-01
6.917341006069055442e-01
6.995577969936253027e-01
7.068921737673841132e-01
7.210238011544476411e-01
7.126302964883184377e-01
7.309518289858614182e-01
7.327566414669698380e-01
7.475038123635091569e-01
7.394806062269433378e-01
7.529184620831675945e-01
7.513382670473318647e-01
7.487094148555989426e-01
7.547654796541951594e-01
7.529018471226072151e-01
7.573294644500678796e-01
7.599756082461872619e-01
7.600069201239391115e-01
7.592647738630476928e-01
7.539345273643818235e-01
7.679814569610134978e-01
7.714656310968599495e-01
7.715329420130704330e-01
7.701275957497367708e-01
7.691234441032065439e-01
7.787018763081412498e-01
7.623438622297062928e-01
7.734955334908709679e-01
7.715149050988450163e-01
7.706451465598426198e-01
7.763455367995708567e-01
7.747843786639682095e-01
7.732788939623684854e-01
7.780465934594008592e-01
7.764428064854906886e-01
7.758272147672120589e-01
