0.000000000000000000e+00
0.000000000000000000e+00
0.000000000000000000e+00
3.480623974935118277e-03
1.456872303607098240e-01
2.891545740347833959e-01
3.433043381972480379e-01
3.974012441909334226e-01
4.578888895861340513e-01
4.617854190136552184e-01
4.914324545994601112e-01
6.256015341728039525e-01
6.530718533544012105e-01
6.728565586045527347e-01
6.883271137564266340e-01
7.037800497528944321e-01
7.148233013354851062e-01
7.301757423885860687e-01
7.438225970847617274e-01
7.387037545677043182e-01
7.536213366432266136e-01
7.609402319954204907e-01
7.611676463059467990e-01
7.661884261863846080e-01
7.804627313829658464e-01
7.769021040913121068e-01
7.890005069168569696e-01
7.867097271718654916e-01
7.961308732110774500e-01
7.953508862825807713e-01
7.843404552904228444e-01
7.958798607180225249e-01
7.923814453285761283e-01
7.930287468332757328e-01
8.034357553638135085e-01
8.031573838760478479e-01
7.971407783825392723e-01
8.005643729811547926e-01
8.006395755354568378e-01
8.027250640031089457e-01
8.043528313303891508e-01
8.038314254967781070e-01
8.063960365862277158e-01
8.092182361656764522e-01
7.987026163919843658e-01
7.986397119632139274e-01
8.102683764774831765e-01
8.079849440396508209e-01
7.954148710381643284e-01
8.031021846299833955e-01
