0.000000000000000000e+00
0.000000000000000000e+00
0.000000000000000000e+00
0.000000000000000000e+00
7.470904258554983413e-03
1.366415325763299660e-01
2.619257914069916260e-01
3.113466239115482148e-01
3.753593611899512794e-01
4.428930044056416659e-01
5.220574784814131508e-01
5.954184807403257729e-01
6.251501263738703518e-01
6.485546843316178922e-01
6.570584048800770516e-01
6.796100374569828961e-01
6.765190907337537141e-01
6.975376102284300828e-01
7.016494760747379322e-01
6.921880759663845417e-01
7.107759711471406394e-01
7.163044092959602871e-01
7.170390105789163915e-01
7.133623847904054793e-01
7.211408035226377633e-01
7.170844681340375892e-01
7.201745345601404669e-01
7.165803907236979464e-01
7.212993089492485410e-01
7.095559268112515694e-01
7.220976444439511921e-01
7.211666844746931204e-01
7.117851044656684500e-01
7.155835579388692969e-01
7.178197172111717705e-01
7.225871501881278025e-01
7.173447324227314459e-01
7.155273626252864894e-01
7.000906130669238836e-01
7.186832992406353426e-01
7.042790430683273373e-01
7.180688649131820034e-01
7.152228279457203408e-01
7.182847597672523676e-01
7.212156114356429448e-01
7.181944326014954028e-01
7.112047735867575993e-01
7.155110144278300499e-01
7.166968947978834548e-01
7.044556558747006036e-01
