0.000000000000000000e+00
0.000000000000000000e+00
0.000000000000000000e+00
0.000000000000000000e+00
5.900804527858920928e-02
2.336875934638900643e-01
2.622388808270474381e-01
2.722366212601238789e-01
3.317262316509049236e-01
4.011846030883154390e-01
4.406412565218774113e-01
4.680901977102783218e-01
5.004020164685162309e-01
5.075702420571083229e-01
5.490012571104266881e-01
5.328099529824151803e-01
5.590896665902552742e-01
5.786601321679248899e-01
5.794561914591473961e-01
6.045493824232843760e-01
6.022925045397167221e-01
6.082844404738384503e-01
6.270593618860343943e-01
6.231949307790795034e-01
6.256860288557983818e-01
6.205841858319849358e-01
6.417776100365535363e-01
6.462786605418727737e-01
6.486250227957085501e-01
6.606978871845496926e-01
6.535273315995165921e-01
6.602217072384810592e-01
6.667921309887162584e-01
6.706926008378704118e-01
6.709178191009351755e-01
6.861285306213471546e-01
6.821406241870263676e-01
6.858982998754225013e-01
6.922399921898274577e-01
6.999265881555565283e-01
6.884283962140808066e-01
7.114491327757446193e-01
6.972321833481281983e-01
7.093331906488963279e-01
7.021521719995799105e-01
7.045032673737657847e-01
6.979603051426789273e-01
6.985070330833991203e-01
7.086919544523015979e-01
7.083870563719748548e-01
