0.000000000000000000e+00
0.000000000000000000e+00
0.000000000000000000e+00
0.000000000000000000e+00
1.647704625950653558e-03
9.325789388119837264e-02
2.353061346616949212e-01
3.117322416045484323e-01
3.612473181534467392e-01
3.879940266929872150e-01
4.743713591051388900e-01
5.659254795261254856e-01
6.103993994163857684e-01
6.356313023591401157e-01
6.643594004209703030e-01
6.777722620070696369e-01
6.996842725451722922e-01
7.116881372321607335e-01
7.231038024924890673e-01
7.353672120920057287e-01
7.366950390914823732e-01
7.399903362522534112e-01
7.443194184656054535e-01
7.465338559866470103e-01
7.646467644824951337e-01
7.667403394470891920e-01
7.618005662407790757e-01
7.747928232101231050e-01
7.673445402971151852e-01
7.772002480281149372e-01
7.752822407573850549e-01
7.803115464910870269e-01
7.767526693293294038e-01
7.796599164362649770e-01
7.852075094710743164e-01
7.842787062346686655e-01
7.835160219752845823e-01
7.806976792271053123e-01
7.893559340361976373e-01
7.850302747849476903e-01
7.928422053349996057e-01
8.020324910094267512e-01
8.029616289122444295e-01
7.961133736533126948e-01
7.969780316192572878e-01
7.966381392551913354e-01
8.056361305603819689e-01
7.985225378855195233e-01
7.978624407524907980e-01
8.026247652723365045e-01
