0.000000000000000000e+00
0.000000000000000000e+00
0.000000000000000000e+00
0.000000000000000000e+00
2.170325438795941281e-02
2.478564700954734579e-01
3.684342460967111044e-01
4.172312596210159263e-01
4.756378045651077358e-01
5.730489775529873375e-01
6.426907288132939211e-01
6.861978736984271077e-01
7.237850352073214033e-01
7.622077421543600462e-01
7.682735104769927714e-01
7.919459204971112110e-01
7.974986742071897838e-01
8.046319585859378343e-01
8.087044496298984031e-01
8.167919407834316470e-01
8.129779757620877456e-01
8.193905840619581937e-01
8.188613399208505284e-01
8.253125704870845070e-01
8.333204330860872755e-01
8.358450866939007851e-01
8.375381608572092240e-01
8.356670105286420069e-01
8.400060155666001505e-01
8.395302964355499942e-01
8.471565473241058353e-01
8.463219664497380057e-01
8.459464745290938836e-01
8.443239638319980367e-01
8.435894437442333915e-01
8.517370010327101060e-01
8.480233131234521382e-01
8.545545412545841879e-01
8.415479428998089428e-01
8.515499241036372791e-01
8.515279430252151727e-01
8.566778169409334787e-01
8.510135022307198094e-01
8.529687831647594365e-01
8.591908010568607423e-01
8.473504616619831342e-01
8.583194098432569419e-01
8.589508476706879669e-01
8.547832172313788446e-01
8.579551235711001533e-01
