1.514053463935852051e+00
1.464994072914123535e+00
1.457587003707885742e+00
1.446630001068115234e+00
1.398520946502685547e+00
1.235587954521179199e+00
1.063889265060424805e+00
9.687006473541259766e-01
9.051676392555236816e-01
8.496258258819580078e-01
7.895913720130920410e-01
7.303250432014465332e-01
6.842514872550964355e-01
6.487479209899902344e-01
6.237584948539733887e-01
5.974041223526000977e-01
5.770146846771240234e-01
5.587592720985412598e-01
5.436768531799316406e-01
5.300160646438598633e-01
5.181884169578552246e-01
5.064604282379150391e-01
4.948056340217590332e-01
4.847502708435058594e-01
4.784909188747406006e-01
4.700416922569274902e-01
4.611099064350128174e-01
4.549819529056549072e-01
4.516359269618988037e-01
4.452559649944305420e-01
4.396472275257110596e-01
4.382203519344329834e-01
4.332727789878845215e-01
4.271936714649200439e-01
4.267499744892120361e-01
4.210311174392700195e-01
4.179968833923339844e-01
4.169498085975646973e-01
4.140119552612304688e-01
4.111660718917846680e-01
4.104896783828735352e-01
4.060472846031188965e-01
4.034859836101531982e-01
4.032204151153564453e-01
4.002307355403900146e-01
3.971223831176757812e-01
3.961667418479919434e-01
3.956260383129119873e-01
3.952860832214355469e-01
3.935620784759521484e-01
