1.507253527641296387e+00
1.466607928276062012e+00
1.461555957794189453e+00
1.457891583442687988e+00
1.448116898536682129e+00
1.408575654029846191e+00
1.262063503265380859e+00
1.086083889007568359e+00
9.697868227958679199e-01
8.774881362915039062e-01
7.989368438720703125e-01
7.306436300277709961e-01
6.758696436882019043e-01
6.387541294097900391e-01
6.088580489158630371e-01
5.925626158714294434e-01
5.724512338638305664e-01
5.598781704902648926e-01
5.515763163566589355e-01
5.429705977439880371e-01
5.308005809783935547e-01
5.245428681373596191e-01
5.167134404182434082e-01
5.103054046630859375e-01
5.041288733482360840e-01
4.957494139671325684e-01
4.894272089004516602e-01
4.825670719146728516e-01
4.768957793712615967e-01
4.701261818408966064e-01
4.625685214996337891e-01
4.565466940402984619e-01
4.506871402263641357e-01
4.454183280467987061e-01
4.422295689582824707e-01
4.353602230548858643e-01
4.327350556850433350e-01
4.295455515384674072e-01
4.244755804538726807e-01
4.224200844764709473e-01
4.173993170261383057e-01
4.166456162929534912e-01
4.112658798694610596e-01
4.106439352035522461e-01
4.061225652694702148e-01
4.046272337436676025e-01
4.030448794364929199e-01
4.003110527992248535e-01
3.977376818656921387e-01
3.931912779808044434e-01
