1.505849123001098633e+00
1.465043544769287109e+00
1.460000991821289062e+00
1.454886794090270996e+00
1.438606500625610352e+00
1.371024012565612793e+00
1.197849273681640625e+00
1.046732306480407715e+00
9.488949775695800781e-01
8.685455322265625000e-01
7.985832691192626953e-01
7.393881082534790039e-01
6.858195066452026367e-01
6.452847719192504883e-01
6.157808303833007812e-01
5.953378677368164062e-01
5.798863768577575684e-01
5.645279288291931152e-01
5.530707240104675293e-01
5.455861091613769531e-01
5.412936806678771973e-01
5.344250202178955078e-01
5.294862985610961914e-01
5.224459767341613770e-01
5.177524089813232422e-01
5.135682225227355957e-01
5.095111131668090820e-01
5.033917427062988281e-01
4.989592432975769043e-01
4.954023659229278564e-01
4.891346693038940430e-01
4.865113496780395508e-01
4.822971224784851074e-01
4.775462150573730469e-01
4.732227623462677002e-01
4.711643457412719727e-01
4.633100926876068115e-01
4.572476744651794434e-01
4.526594579219818115e-01
4.491343498229980469e-01
4.439123272895812988e-01
4.393265843391418457e-01
4.359705746173858643e-01
4.318109154701232910e-01
4.264008998870849609e-01
4.244292974472045898e-01
4.234427809715270996e-01
4.188860654830932617e-01
4.179664552211761475e-01
4.147480726242065430e-01
