1.503629088401794434e+00
1.464931845664978027e+00
1.460212469100952148e+00
1.457155942916870117e+00
1.450821280479431152e+00
1.425503969192504883e+00
1.312803745269775391e+00
1.122167587280273438e+00
9.995907545089721680e-01
9.089187383651733398e-01
8.265292644500732422e-01
7.578505873680114746e-01
7.021771073341369629e-01
6.575496792793273926e-01
6.308534145355224609e-01
6.036819219589233398e-01
5.890467762947082520e-01
5.771969556808471680e-01
5.655211806297302246e-01
5.503650903701782227e-01
5.416186451911926270e-01
5.335637331008911133e-01
5.266514420509338379e-01
5.179842114448547363e-01
5.115835070610046387e-01
5.080689787864685059e-01
4.993828535079956055e-01
4.948337972164154053e-01
4.887709021568298340e-01
4.821202158927917480e-01
4.794526100158691406e-01
4.713354110717773438e-01
4.679421782493591309e-01
4.607844054698944092e-01
4.567170143127441406e-01
4.498089253902435303e-01
4.468004703521728516e-01
4.418673515319824219e-01
4.368433356285095215e-01
4.341148436069488525e-01
4.300251901149749756e-01
4.263328909873962402e-01
4.227976202964782715e-01
4.210799932479858398e-01
4.172370731830596924e-01
4.175174832344055176e-01
4.128930568695068359e-01
4.116982221603393555e-01
4.093716740608215332e-01
4.099576771259307861e-01
