1.509096264839172363e+00
1.462934613227844238e+00
1.457607626914978027e+00
1.454409956932067871e+00
1.446866989135742188e+00
1.417194485664367676e+00
1.276821255683898926e+00
1.076970458030700684e+00
9.616382122039794922e-01
8.741225004196166992e-01
7.927264571189880371e-01
7.243033051490783691e-01
6.674703955650329590e-01
6.280887722969055176e-01
6.007845401763916016e-01
5.783638954162597656e-01
5.628389716148376465e-01
5.510221719741821289e-01
5.399702787399291992e-01
5.284504890441894531e-01
5.224550962448120117e-01
5.097063183784484863e-01
5.036230683326721191e-01
4.957915544509887695e-01
4.895016849040985107e-01
4.792543649673461914e-01
4.710697829723358154e-01
4.668688476085662842e-01
4.594272375106811523e-01
4.523769617080688477e-01
4.482713937759399414e-01
4.426382184028625488e-01
4.385051727294921875e-01
4.338445067405700684e-01
4.282800555229187012e-01
4.277456700801849365e-01
4.195312857627868652e-01
4.183116257190704346e-01
4.171007573604583740e-01
4.129655659198760986e-01
4.091345071792602539e-01
4.061461389064788818e-01
4.048874080181121826e-01
4.032704830169677734e-01
4.000482559204101562e-01
3.989599049091339111e-01
3.967895805835723877e-01
3.948199450969696045e-01
3.932275772094726562e-01
3.892407119274139404e-01
