1.507088780403137207e+00
1.462377905845642090e+00
1.456813097000122070e+00
1.452407002449035645e+00
1.440905213356018066e+00
1.388881087303161621e+00
1.219640731811523438e+00
1.068142175674438477e+00
9.594300389289855957e-01
8.727265596389770508e-01
8.010479807853698730e-01
7.406133413314819336e-01
6.876547336578369141e-01
6.431561112403869629e-01
6.112978458404541016e-01
5.896167159080505371e-01
5.729011893272399902e-01
5.581780076026916504e-01
5.439249277114868164e-01
5.344975590705871582e-01
5.281723737716674805e-01
5.186855196952819824e-01
5.102981925010681152e-01
5.012016296386718750e-01
4.938690960407257080e-01
4.861474931240081787e-01
4.789463281631469727e-01
4.756824374198913574e-01
4.676040410995483398e-01
4.603993892669677734e-01
4.548991620540618896e-01
4.505477547645568848e-01
4.436641633510589600e-01
4.377812743186950684e-01
4.325799047946929932e-01
4.295206367969512939e-01
4.267288446426391602e-01
4.208138883113861084e-01
4.210853874683380127e-01
4.144633412361145020e-01
4.128583371639251709e-01
4.073460698127746582e-01
4.077788591384887695e-01
4.054085910320281982e-01
4.016659557819366455e-01
4.009605348110198975e-01
3.991653621196746826e-01
3.955173492431640625e-01
3.934037983417510986e-01
3.912651836872100830e-01
