1.507125973701477051e+00
1.463853359222412109e+00
1.459046483039855957e+00
1.456053853034973145e+00
1.449362158775329590e+00
1.419738173484802246e+00
1.290598392486572266e+00
1.114838123321533203e+00
1.003515362739562988e+00
9.138514399528503418e-01
8.428528904914855957e-01
7.696011066436767578e-01
7.059854269027709961e-01
6.551678776741027832e-01
6.205835938453674316e-01
5.963175296783447266e-01
5.768082141876220703e-01
5.608367323875427246e-01
5.435416102409362793e-01
5.332279801368713379e-01
5.229979157447814941e-01
5.161346197128295898e-01
5.059581995010375977e-01
4.967613816261291504e-01
4.907441139221191406e-01
4.831716418266296387e-01
4.767091572284698486e-01
4.695774912834167480e-01
4.624963998794555664e-01
4.566407501697540283e-01
4.517524838447570801e-01
4.465023279190063477e-01
4.444607794284820557e-01
4.381258785724639893e-01
4.354392588138580322e-01
4.286644160747528076e-01
4.283285737037658691e-01
4.244987368583679199e-01
4.225247800350189209e-01
4.200223088264465332e-01
4.159413576126098633e-01
4.126108288764953613e-01
4.114799201488494873e-01
4.096524715423583984e-01
4.067008495330810547e-01
4.047116935253143311e-01
4.036847949028015137e-01
4.004759490489959717e-01
3.968442678451538086e-01
3.971309959888458252e-01
