1.511801123619079590e+00
1.465992093086242676e+00
1.460909485816955566e+00
1.456483960151672363e+00
1.445551753044128418e+00
1.399412155151367188e+00
1.241530179977416992e+00
1.091713190078735352e+00
9.915912747383117676e-01
9.058513045310974121e-01
8.271864652633666992e-01
7.548764944076538086e-01
6.954612731933593750e-01
6.489352583885192871e-01
6.164638400077819824e-01
5.917242169380187988e-01
5.737534761428833008e-01
5.549655556678771973e-01
5.415685772895812988e-01
5.281360149383544922e-01
5.208578705787658691e-01
5.088263750076293945e-01
4.967055618762969971e-01
4.895699918270111084e-01
4.815483689308166504e-01
4.736586213111877441e-01
4.674898087978363037e-01
4.620844423770904541e-01
4.566860795021057129e-01
4.501536786556243896e-01
4.443505108356475830e-01
4.425438344478607178e-01
4.366203248500823975e-01
4.382276535034179688e-01
4.331930279731750488e-01
4.294674992561340332e-01
4.265205562114715576e-01
4.228394925594329834e-01
4.198355078697204590e-01
4.175687730312347412e-01
4.145857989788055420e-01
4.129263758659362793e-01
4.091568887233734131e-01
4.080938696861267090e-01
4.059284329414367676e-01
4.028011560440063477e-01
4.014348983764648438e-01
4.022053480148315430e-01
3.982319235801696777e-01
3.978081345558166504e-01
