1.508911967277526855e+00
1.468362092971801758e+00
1.463524818420410156e+00
1.461162567138671875e+00
1.458147525787353516e+00
1.450203180313110352e+00
1.423265337944030762e+00
1.313081026077270508e+00
1.119559049606323242e+00
9.897373318672180176e-01
8.979414105415344238e-01
8.216457366943359375e-01
7.545452713966369629e-01
6.982299685478210449e-01
6.547057032585144043e-01
6.247683763504028320e-01
5.948585271835327148e-01
5.760737061500549316e-01
5.609170198440551758e-01
5.430526137351989746e-01
5.274892449378967285e-01
5.169771313667297363e-01
5.008198618888854980e-01
4.934934973716735840e-01
4.809351563453674316e-01
4.757124781608581543e-01
4.673973917961120605e-01
4.610067307949066162e-01
4.520613253116607666e-01
4.494580626487731934e-01
4.434852302074432373e-01
4.391867220401763916e-01
4.376403689384460449e-01
4.291503429412841797e-01
4.252460002899169922e-01
4.239919781684875488e-01
4.221670329570770264e-01
4.171420037746429443e-01
4.148006737232208252e-01
4.114990532398223877e-01
4.096007943153381348e-01
4.055419564247131348e-01
4.070102274417877197e-01
4.021263420581817627e-01
4.005554914474487305e-01
3.974513709545135498e-01
3.945876359939575195e-01
3.921514451503753662e-01
3.900641500949859619e-01
3.879148960113525391e-01
