1.511711597442626953e+00
1.465691328048706055e+00
1.459469676017761230e+00
1.453043103218078613e+00
1.431888699531555176e+00
1.336013078689575195e+00
1.139267563819885254e+00
1.005555987358093262e+00
9.116438627243041992e-01
8.288620710372924805e-01
7.562878131866455078e-01
7.013397216796875000e-01
6.562763452529907227e-01
6.288340091705322266e-01
6.044776439666748047e-01
5.875015854835510254e-01
5.742860436439514160e-01
5.638232231140136719e-01
5.536382198333740234e-01
5.430727005004882812e-01
5.354264378547668457e-01
5.278761386871337891e-01
5.223922133445739746e-01
5.169956684112548828e-01
5.107674002647399902e-01
5.056834816932678223e-01
5.015469789505004883e-01
4.966707229614257812e-01
4.886921644210815430e-01
4.813300371170043945e-01
4.766529202461242676e-01
4.720388948917388916e-01
4.645102322101593018e-01
4.591053128242492676e-01
4.527844488620758057e-01
4.501419961452484131e-01
4.450328946113586426e-01
4.395449459552764893e-01
4.353853762149810791e-01
4.322338700294494629e-01
4.294216632843017578e-01
4.251244068145751953e-01
4.207245409488677979e-01
4.181776940822601318e-01
4.143833816051483154e-01
4.103579223155975342e-01
4.104622602462768555e-01
4.062272012233734131e-01
4.083737134933471680e-01
4.039990603923797607e-01
