1.511208653450012207e+00
1.465361833572387695e+00
1.459968566894531250e+00
1.455999612808227539e+00
1.446033716201782227e+00
1.406500935554504395e+00
1.256992816925048828e+00
1.078620195388793945e+00
9.580958485603332520e-01
8.708009719848632812e-01
7.966609001159667969e-01
7.324047088623046875e-01
6.723654270172119141e-01
6.289600729942321777e-01
5.944519042968750000e-01
5.690203309059143066e-01
5.479819774627685547e-01
5.326339602470397949e-01
5.204441547393798828e-01
5.025392174720764160e-01
4.941605031490325928e-01
4.837686419486999512e-01
4.734842479228973389e-01
4.710633158683776855e-01
4.623602330684661865e-01
4.560856819152832031e-01
4.534827768802642822e-01
4.450865089893341064e-01
4.426073729991912842e-01
4.365249574184417725e-01
4.341076612472534180e-01
4.298250377178192139e-01
4.257903397083282471e-01
4.260657727718353271e-01
4.201766550540924072e-01
4.171717762947082520e-01
4.128323495388031006e-01
4.118419885635375977e-01
4.103582799434661865e-01
4.085497558116912842e-01
4.060167968273162842e-01
4.024600982666015625e-01
4.024489521980285645e-01
3.999166786670684814e-01
3.984691500663757324e-01
3.948345184326171875e-01
3.936794102191925049e-01
3.899564146995544434e-01
3.913379907608032227e-01
3.883793056011199951e-01
