1.506953835487365723e+00
1.463677287101745605e+00
1.458618164062500000e+00
1.455078005790710449e+00
1.447444200515747070e+00
1.417711138725280762e+00
1.301606178283691406e+00
1.117443442344665527e+00
9.878184795379638672e-01
8.953296542167663574e-01
8.163650631904602051e-01
7.433199882507324219e-01
6.793998479843139648e-01
6.368500590324401855e-01
6.054212450981140137e-01
5.780749917030334473e-01
5.599724650382995605e-01
5.450889468193054199e-01
5.338054895401000977e-01
5.226432085037231445e-01
5.081363916397094727e-01
4.997967779636383057e-01
4.902603030204772949e-01
4.818103611469268799e-01
4.763214886188507080e-01
4.657731652259826660e-01
4.607298374176025391e-01
4.560521841049194336e-01
4.515003263950347900e-01
4.442739486694335938e-01
4.393142461776733398e-01
4.362410306930541992e-01
4.340099692344665527e-01
4.292835891246795654e-01
4.248257279396057129e-01
4.222085177898406982e-01
4.202471673488616943e-01
4.154124259948730469e-01
4.147665202617645264e-01
4.088822305202484131e-01
4.072566032409667969e-01
4.046401083469390869e-01
4.041983485221862793e-01
3.987847864627838135e-01
3.983239233493804932e-01
3.958495259284973145e-01
3.952529728412628174e-01
3.945631086826324463e-01
3.902076184749603271e-01
3.872195482254028320e-01
