1.506738305091857910e+00
1.463852524757385254e+00
1.458728075027465820e+00
1.455671668052673340e+00
1.448692560195922852e+00
1.425075531005859375e+00
1.314228653907775879e+00
1.116789102554321289e+00
9.966679811477661133e-01
9.136083126068115234e-01
8.324604630470275879e-01
7.586460113525390625e-01
6.963539123535156250e-01
6.489226818084716797e-01
6.134146451950073242e-01
5.864720344543457031e-01
5.648871660232543945e-01
5.494452714920043945e-01
5.328037142753601074e-01
5.213752985000610352e-01
5.059206485748291016e-01
4.952393472194671631e-01
4.887904822826385498e-01
4.784778654575347900e-01
4.722537994384765625e-01
4.660321176052093506e-01
4.590672254562377930e-01
4.535579085350036621e-01
4.496706128120422363e-01
4.431637525558471680e-01
4.386958479881286621e-01
4.325040280818939209e-01
4.304887354373931885e-01
4.274549484252929688e-01
4.244097471237182617e-01
4.198742210865020752e-01
4.194023311138153076e-01
4.159156382083892822e-01
4.105696082115173340e-01
4.091750681400299072e-01
4.042871296405792236e-01
4.051952958106994629e-01
4.007194042205810547e-01
4.004258513450622559e-01
3.983879685401916504e-01
3.958649039268493652e-01
3.918623328208923340e-01
3.917036056518554688e-01
3.878102004528045654e-01
3.903215527534484863e-01
