1.508963942527770996e+00
1.465979456901550293e+00
1.459614157676696777e+00
1.452548980712890625e+00
1.428102254867553711e+00
1.319654226303100586e+00
1.123393893241882324e+00
9.957954883575439453e-01
8.993466496467590332e-01
8.155069947242736816e-01
7.448127865791320801e-01
6.906511187553405762e-01
6.477484107017517090e-01
6.128748059272766113e-01
5.906466245651245117e-01
5.726718902587890625e-01
5.549744367599487305e-01
5.463905930519104004e-01
5.381625294685363770e-01
5.274778008460998535e-01
5.226442217826843262e-01
5.160752534866333008e-01
5.079496502876281738e-01
5.023587942123413086e-01
4.977958202362060547e-01
4.916807413101196289e-01
4.896667599678039551e-01
4.833616316318511963e-01
4.806292951107025146e-01
4.764768779277801514e-01
4.704758226871490479e-01
4.645778238773345947e-01
4.585939645767211914e-01
4.539752602577209473e-01
4.489276409149169922e-01
4.427816271781921387e-01
4.364829957485198975e-01
4.328695237636566162e-01
4.267502725124359131e-01
4.231796264648437500e-01
4.174213707447052002e-01
4.149746000766754150e-01
4.108575880527496338e-01
4.068569242954254150e-01
4.058372080326080322e-01
4.016843438148498535e-01
3.995694518089294434e-01
3.987626731395721436e-01
3.956925570964813232e-01
3.922238051891326904e-01
