1.505586862564086914e+00
1.465845823287963867e+00
1.461449861526489258e+00
1.459006667137145996e+00
1.453492641448974609e+00
1.432951331138610840e+00
1.341858386993408203e+00
1.146118640899658203e+00
1.004590511322021484e+00
9.276025295257568359e-01
8.626839518547058105e-01
7.953531146049499512e-01
7.374070882797241211e-01
6.887543201446533203e-01
6.592383980751037598e-01
6.287788152694702148e-01
6.101015210151672363e-01
5.912294983863830566e-01
5.746055245399475098e-01
5.593633055686950684e-01
5.458238720893859863e-01
5.338122844696044922e-01
5.216629505157470703e-01
5.099692344665527344e-01
5.033183097839355469e-01
4.925094842910766602e-01
4.855675697326660156e-01
4.768886566162109375e-01
4.720413088798522949e-01
4.673663973808288574e-01
4.594264328479766846e-01
4.562815129756927490e-01
4.516485035419464111e-01
4.495301544666290283e-01
4.437590539455413818e-01
4.419543445110321045e-01
4.377032816410064697e-01
4.356739521026611328e-01
4.323214888572692871e-01
4.284106194972991943e-01
4.297892749309539795e-01
4.212211370468139648e-01
4.226575195789337158e-01
4.191004633903503418e-01
4.180054068565368652e-01
4.140574932098388672e-01
4.131876230239868164e-01
4.125462770462036133e-01
4.077159166336059570e-01
4.085444509983062744e-01
