1.509374737739562988e+00
1.467522501945495605e+00
1.463013768196105957e+00
1.460636138916015625e+00
1.456222057342529297e+00
1.442102551460266113e+00
1.377857565879821777e+00
1.199959874153137207e+00
1.036737322807312012e+00
9.268006682395935059e-01
8.377087712287902832e-01
7.661427259445190430e-01
7.091388106346130371e-01
6.610877513885498047e-01
6.283243298530578613e-01
5.987124443054199219e-01
5.784641504287719727e-01
5.601406097412109375e-01
5.435535311698913574e-01
5.333369970321655273e-01
5.163899064064025879e-01
5.042991042137145996e-01
4.953393042087554932e-01
4.844740033149719238e-01
4.755567908287048340e-01
4.664454758167266846e-01
4.599024355411529541e-01
4.555545747280120850e-01
4.494608640670776367e-01
4.451267719268798828e-01
4.423514306545257568e-01
4.357865452766418457e-01
4.335319399833679199e-01
4.302571713924407959e-01
4.233733415603637695e-01
4.220268726348876953e-01
4.197028577327728271e-01
4.162256419658660889e-01
4.148889183998107910e-01
4.108682870864868164e-01
4.112579822540283203e-01
4.060496985912322998e-01
4.044365286827087402e-01
4.023719429969787598e-01
4.016901552677154541e-01
3.981821835041046143e-01
3.962558507919311523e-01
3.953647017478942871e-01
3.942964971065521240e-01
3.931271731853485107e-01
