1.510198116302490234e+00
1.467410802841186523e+00
1.462219834327697754e+00
1.457102537155151367e+00
1.438647150993347168e+00
1.344801187515258789e+00
1.157790422439575195e+00
1.036212682723999023e+00
9.543399214744567871e-01
8.980531096458435059e-01
8.471270203590393066e-01
7.926271557807922363e-01
7.357385754585266113e-01
6.859172582626342773e-01
6.505194306373596191e-01
6.264536976814270020e-01
6.049359440803527832e-01
5.865440964698791504e-01
5.708857774734497070e-01
5.582520961761474609e-01
5.456529855728149414e-01
5.326527357101440430e-01
5.219455957412719727e-01
5.136801600456237793e-01
5.048265457153320312e-01
4.973162412643432617e-01
4.881203174591064453e-01
4.832396209239959717e-01
4.762097895145416260e-01
4.733496904373168945e-01
4.652667045593261719e-01
4.616380333900451660e-01
4.599949121475219727e-01
4.534815251827239990e-01
4.498004615306854248e-01
4.467135071754455566e-01
4.423832893371582031e-01
4.376586973667144775e-01
4.393463134765625000e-01
4.357193112373352051e-01
4.318083822727203369e-01
4.301725924015045166e-01
4.272193014621734619e-01
4.235364496707916260e-01
4.225851595401763916e-01
4.203034639358520508e-01
4.196879863739013672e-01
4.176377356052398682e-01
4.147476851940155029e-01
4.140082597732543945e-01
