1.508286952972412109e+00
1.467316508293151855e+00
1.462383985519409180e+00
1.459453225135803223e+00
1.454570412635803223e+00
1.437362909317016602e+00
1.365353941917419434e+00
1.184767246246337891e+00
1.039078116416931152e+00
9.397014975547790527e-01
8.602935671806335449e-01
7.873131632804870605e-01
7.290685176849365234e-01
6.830646395683288574e-01
6.483951807022094727e-01
6.249791979789733887e-01
6.017745733261108398e-01
5.865145325660705566e-01
5.762301087379455566e-01
5.666257143020629883e-01
5.574660897254943848e-01
5.482018589973449707e-01
5.428418517112731934e-01
5.356587767601013184e-01
5.303868651390075684e-01
5.211191177368164062e-01
5.162830948829650879e-01
5.103846788406372070e-01
5.065455436706542969e-01
4.995584189891815186e-01
4.973820745944976807e-01
4.903547167778015137e-01
4.854335486888885498e-01
4.798151254653930664e-01
4.724070131778717041e-01
4.688836336135864258e-01
4.659878313541412354e-01
4.577386975288391113e-01
4.531067311763763428e-01
4.480062425136566162e-01
4.436427652835845947e-01
4.395051896572113037e-01
4.358652234077453613e-01
4.325517714023590088e-01
4.275731742382049561e-01
4.247275590896606445e-01
4.236499667167663574e-01
4.235633909702301025e-01
4.162918329238891602e-01
4.160406887531280518e-01
