1.501569271087646484e+00
1.465550422668457031e+00
1.461301445960998535e+00
1.458839058876037598e+00
1.454685449600219727e+00
1.442049980163574219e+00
1.392597556114196777e+00
1.225875258445739746e+00
1.049807786941528320e+00
9.551092982292175293e-01
8.774797320365905762e-01
8.058246374130249023e-01
7.344681620597839355e-01
6.812085509300231934e-01
6.420083045959472656e-01
6.102660298347473145e-01
5.812531113624572754e-01
5.668603181838989258e-01
5.515970587730407715e-01
5.354149937629699707e-01
5.219459533691406250e-01
5.107348561286926270e-01
4.998758137226104736e-01
4.906860888004302979e-01
4.790192246437072754e-01
4.732431769371032715e-01
4.672805368900299072e-01
4.578482210636138916e-01
4.497326612472534180e-01
4.465605318546295166e-01
4.407957196235656738e-01
4.382292628288269043e-01
4.322423934936523438e-01
4.289318323135375977e-01
4.254461526870727539e-01
4.232787787914276123e-01
4.193961620330810547e-01
4.156942069530487061e-01
4.130021333694458008e-01
4.087361693382263184e-01
4.071664810180664062e-01
4.060582518577575684e-01
4.014593362808227539e-01
3.993085324764251709e-01
3.994531035423278809e-01
3.974735438823699951e-01
3.937338590621948242e-01
3.926301598548889160e-01
3.910139799118041992e-01
3.889609575271606445e-01
