1.507583379745483398e+00
1.466660141944885254e+00
1.461994051933288574e+00
1.458760976791381836e+00
1.451407790184020996e+00
1.425109982490539551e+00
1.319668292999267578e+00
1.142283678054809570e+00
1.025105834007263184e+00
9.434671401977539062e-01
8.722476959228515625e-01
7.955663204193115234e-01
7.236559987068176270e-01
6.687704324722290039e-01
6.323617696762084961e-01
6.028795838356018066e-01
5.791525840759277344e-01
5.604830980300903320e-01
5.463186502456665039e-01
5.334685444831848145e-01
5.226836204528808594e-01
5.102875232696533203e-01
5.037580132484436035e-01
4.926025867462158203e-01
4.889380037784576416e-01
4.793092608451843262e-01
4.724597334861755371e-01
4.664440751075744629e-01
4.600405395030975342e-01
4.577395915985107422e-01
4.525054693222045898e-01
4.484684467315673828e-01
4.455660879611968994e-01
4.391232728958129883e-01
4.371868073940277100e-01
4.343304634094238281e-01
4.303142130374908447e-01
4.309108853340148926e-01
4.248127937316894531e-01
4.225519597530364990e-01
4.197447896003723145e-01
4.186714887619018555e-01
4.157277941703796387e-01
4.113021492958068848e-01
4.102421402931213379e-01
4.074429571628570557e-01
4.070895910263061523e-01
4.063917994499206543e-01
4.031291902065277100e-01
4.026506543159484863e-01
